# -*- mode: org; -*-


Here, we're on battery power. Solar is exceeding house demand.
set:"yrange [60:61]"

#+PLOT: with:lines ind:0 deps:(1 5 8) 
|--------+--------+-------+-------+------------+--------+--------+-------+-------|
| SolarW | HouseW | BattW | GridW | BattCharge | SolarF | HouseF | BattF | GridF |
|--------+--------+-------+-------+------------+--------+--------+-------+-------|
| 3359.2 | 1724.2 | -1650 |  0.61 |      97.12 |  60.18 |  60.18 | 60.24 | 60.18 |
| 3348.4 | 1742.7 | -1600 |  0.64 |      97.12 |  60.18 |  60.18 | 60.24 | 60.18 |
|   3339 | 1739.3 | -1600 |  0.66 |      97.12 |  60.18 |  60.18 | 60.24 | 60.18 |
| 3346.2 | 1704.4 | -1650 |  0.47 |      97.12 |  60.18 |  60.18 | 60.24 | 60.18 |
| 3350.4 | 1727.6 | -1640 |  0.44 |      97.13 |  60.18 |  60.18 | 60.25 | 60.18 |
| 3334.5 | 1679.6 | -1670 |  0.69 |      97.13 |  60.18 |  60.18 | 60.26 | 60.18 |
| 3350.4 | 1675.8 | -1650 |  0.72 |      97.13 |  60.18 |  60.18 | 60.26 | 60.18 |
| 3347.2 | 1696.6 | -1650 |   0.7 |      97.13 |  60.18 |  60.18 | 60.27 | 60.18 |
| 3345.5 | 1681.2 | -1640 |  0.61 |      97.13 |  60.18 |  60.18 | 60.28 | 60.18 |
| 3336.9 | 1718.8 | -1610 |  0.75 |      97.14 |   60.3 |   60.3 | 60.33 |  60.3 |
| 3343.6 | 1708.9 | -1610 |  0.61 |      97.14 |   60.3 |   60.3 | 60.34 |  60.3 |
| 3366.2 |   1722 | -1660 |  0.91 |      97.14 |   60.3 |   60.3 | 60.34 |  60.3 |
| 3333.4 | 1696.8 | -1640 |  0.42 |      97.14 |   60.3 |   60.3 | 60.34 |  60.3 |
| 3355.5 | 1731.5 | -1650 |  0.58 |      97.14 |   60.3 |   60.3 | 60.35 |  60.3 |
| 3330.3 |   1700 | -1630 |  0.69 |      97.14 |   60.3 |   60.3 | 60.35 |  60.3 |
| 3361.3 | 1727.6 | -1600 |  0.33 |      97.14 |   60.3 |   60.3 | 60.37 |  60.3 |
| 3334.3 | 1745.6 | -1600 |  0.55 |      97.14 |   60.3 |   60.3 | 60.37 |  60.3 |
| 3368.6 | 1670.7 | -1660 |  0.63 |      97.14 |  60.36 |  60.36 | 60.38 | 60.36 |
| 3326.7 | 1678.5 | -1650 |  0.47 |      97.14 |  60.36 |  60.36 | 60.38 | 60.36 |
| 3358.5 | 1664.3 | -1680 |  0.58 |      97.14 |  60.36 |  60.36 | 60.38 | 60.36 |
| 3329.9 | 1707.3 | -1640 |  0.58 |      97.15 |  60.36 |  60.36 | 60.38 | 60.36 |
| 3370.4 |   1694 | -1650 |  0.61 |      97.15 |  60.36 |  60.36 | 60.38 | 60.36 |
| 3330.5 | 1676.5 | -1730 |  0.67 |      97.15 |  60.36 |  60.36 | 60.38 | 60.36 |
| 3371.7 | 1605.3 | -1740 |  0.39 |      97.15 |  60.36 |  60.36 | 60.39 | 60.36 |
| 3325.4 | 1591.4 | -1750 |  0.75 |      97.15 |  60.36 |  60.36 |  60.4 | 60.36 |
| 3362.6 | 1628.6 | -1750 |  0.53 |      97.15 |  60.36 |  60.36 | 60.41 | 60.36 |
| 3352.7 | 1610.4 | -1700 |  0.48 |      97.15 |  60.36 |  60.36 | 60.41 | 60.36 |
| 3332.4 | 1675.5 | -1680 |  0.48 |      97.15 |  60.36 |  60.36 | 60.42 | 60.36 |
| 3361.3 | 1690.1 | -1640 |  0.52 |      97.15 |  60.36 |  60.36 | 60.42 | 60.36 |
| 3338.1 | 1698.3 | -1660 |  0.61 |      97.15 |  60.36 |  60.36 | 60.42 | 60.36 |
| 3372.2 | 1673.8 | -1680 |  0.63 |      97.15 |  60.36 |  60.36 | 60.43 | 60.36 |
| 3329.7 | 1674.4 | -1680 |  0.61 |      97.15 |  60.36 |  60.36 | 60.43 | 60.36 |
| 3376.8 | 1680.2 | -1710 |  0.62 |      97.15 |  60.36 |  60.36 | 60.44 | 60.36 |
| 3341.4 | 1653.9 | -1670 |  0.53 |      97.15 |  60.36 |  60.36 | 60.45 | 60.36 |
| 3360.3 | 1701.6 | -1660 |  0.75 |      97.15 |  60.36 |  60.36 | 60.45 | 60.36 |
| 3373.5 | 1651.4 | -1670 |  0.67 |      97.15 |  60.36 |  60.36 | 60.45 | 60.36 |
| 3329.3 | 1700.8 | -1660 |  0.75 |      97.15 |  60.36 |  60.36 | 60.45 | 60.36 |
| 3372.8 | 1706.7 | -1660 |   0.5 |      97.15 |  60.36 |  60.36 | 60.46 | 60.36 |
| 3331.3 | 1668.4 | -1670 |  0.55 |      97.15 |  60.36 |  60.36 | 60.47 | 60.36 |
| 3344.6 |   1703 | -1640 |  0.47 |      97.16 |  60.36 |  60.36 | 60.47 | 60.36 |
| 3363.9 | 1680.7 | -1650 |   0.7 |      97.16 |  60.36 |  60.36 | 60.47 | 60.36 |
| 3333.1 | 1699.8 | -1680 |  0.61 |      97.16 |  60.36 |  60.36 | 60.47 | 60.36 |
| 3375.1 | 1687.3 | -1660 |  0.55 |      97.16 |  60.36 |  60.36 | 60.47 | 60.36 |
| 3341.8 |   1677 | -1690 |  0.44 |      97.16 |  60.48 |  60.48 | 60.48 | 60.48 |
| 3350.8 | 1704.5 | -1660 |   0.5 |      97.16 |  60.48 |  60.48 | 60.49 | 60.48 |
|  -1.07 | 1991.7 |  1760 |   1.1 |      97.17 |  60.48 |  60.48 | 60.49 | 60.48 |
|   4.45 | 1777.1 |  1790 |  0.89 |      97.17 |  60.48 |  60.48 | 60.48 | 60.48 |
|   5.41 | 1739.8 |  1690 |  1.11 |      97.17 |  60.48 |  60.48 | 60.47 | 60.48 |
|   5.41 | 1687.7 |  1660 |  1.02 |      97.17 |  60.48 |  60.48 | 60.47 | 60.48 |
|   4.56 | 1699.8 |  1730 |  0.91 |      97.17 |  60.48 |  60.48 | 60.47 | 60.48 |
|    5.9 |   1726 |  1700 |  0.78 |      97.17 |  60.48 |  60.48 | 60.45 | 60.48 |
|   5.52 |   1721 |  1710 |  1.08 |      97.17 |  60.48 |  60.48 | 60.44 | 60.48 |
|   5.96 | 1720.1 |  1720 |  1.05 |      97.17 |  60.48 |  60.48 | 60.43 | 60.48 |
|   4.99 | 1724.5 |  1730 |  0.92 |      97.17 |  60.48 |  60.48 | 60.42 | 60.48 |
|    5.9 | 1726.1 |  1680 |  0.94 |      97.17 |  60.48 |  60.48 | 60.41 | 60.48 |
|   5.65 | 1717.7 |  1670 |  0.99 |      97.17 |  60.42 |  60.42 |  60.4 | 60.42 |
|   6.13 | 1644.8 |  1630 |  0.97 |      97.17 |  60.42 |  60.42 | 60.39 | 60.42 |
|   4.67 | 1651.2 |  1640 |  0.91 |      97.17 |  60.42 |  60.42 | 60.37 | 60.42 |
|   5.65 | 1668.1 |  1670 |  0.97 |      97.17 |  60.42 |  60.42 | 60.36 | 60.42 |
|   5.41 | 1655.1 |  1630 |  1.02 |      97.17 |  60.42 |  60.42 | 60.35 | 60.42 |
|   6.53 | 1635.7 |  1620 |  1.16 |      97.17 |  60.42 |  60.42 | 60.34 | 60.42 |
|   5.13 | 1636.6 |  1630 |  1.03 |      97.17 |  60.42 |  60.42 | 60.33 | 60.42 |
|  -2.17 | 1589.8 |  1590 |  1.13 |      97.15 |  60.18 |  60.18 | 60.15 | 60.18 |
|   -1.4 | 1574.9 |  1580 |  0.94 |      97.15 |  60.18 |  60.18 | 60.15 | 60.18 |
|  -1.43 | 1591.5 |  1620 |  1.11 |      97.15 |  60.18 |  60.18 | 60.15 | 60.18 |
|   -1.9 | 1591.9 |  1590 |  1.19 |      97.15 |  60.18 |  60.18 | 60.14 | 60.18 |
|  -2.06 | 1619.6 |  1620 |  0.89 |      97.15 |  60.18 |  60.18 | 60.13 | 60.18 |
|  -1.62 | 1606.9 |  1590 |  0.88 |      97.15 |  60.18 |  60.18 | 60.12 | 60.18 |
|  -1.38 | 1605.5 |  1640 |     1 |      97.15 |  60.18 |  60.18 | 60.12 | 60.18 |
|  -1.82 | 1628.6 |  1630 |  0.83 |      97.15 |  60.18 |  60.18 | 60.12 | 60.18 |
|   -2.2 | 1602.6 |  1620 |  1.16 |      97.15 |  60.18 |  60.18 | 60.12 | 60.18 |
|  -1.76 | 1612.1 |  1600 |  0.92 |      97.15 |  60.18 |  60.18 | 60.12 | 60.18 |
|  -0.88 | 1612.4 |  1610 |  0.82 |      97.15 |  60.18 |  60.18 | 60.12 | 60.18 |
|  -0.91 | 1618.6 |  1620 |  0.88 |      97.14 |  60.18 |  60.18 | 60.12 | 60.18 |
|  -2.11 | 1584.9 |  1610 |  1.05 |      97.14 |  60.12 |  60.12 | 60.12 | 60.12 |
|  -2.06 |   1590 |  1580 |  1.33 |      97.14 |  60.12 |  60.12 | 60.12 | 60.12 |
|  -1.56 | 1589.8 |  1590 |  1.17 |      97.14 |  60.12 |  60.12 | 60.11 | 60.12 |
|  -1.21 | 1590.3 |  1590 |  0.92 |      97.14 |  60.12 |  60.12 |  60.1 | 60.12 |
|  -1.84 | 1586.3 |  1580 |  0.97 |      97.14 |  60.12 |  60.12 |  60.1 | 60.12 |
|  -2.14 | 1565.2 |  1550 |  1.02 |      97.14 |  60.12 |  60.12 |  60.1 | 60.12 |
|  -1.42 | 1561.3 |  1570 |  1.24 |      97.14 |  60.12 |  60.12 |  60.1 | 60.12 |
|  -0.82 | 1606.1 |  1620 |  0.91 |      97.14 |  60.12 |  60.12 |  60.1 | 60.12 |
|   5.85 | 1595.9 |  1570 |  1.05 |      97.14 |  60.12 |  60.12 |  60.1 | 60.12 |
|   5.16 | 1593.7 |  1590 |  1.16 |      97.14 |  60.12 |  60.12 |  60.1 | 60.12 |
|    5.3 | 1588.7 |  1570 |  1.02 |      97.14 |  60.12 |  60.12 |  60.1 | 60.12 |
|   6.26 | 1608.9 |  1610 |   1.1 |      97.13 |  60.12 |  60.12 |  60.1 | 60.12 |
|   5.85 |   1609 |  1600 |  1.08 |      97.13 |  60.12 |  60.12 |  60.1 | 60.12 |
|   5.43 | 1604.7 |  1610 |  0.97 |      97.13 |  60.12 |  60.12 |  60.1 | 60.12 |
|   5.68 | 1558.3 |  1570 |  1.19 |      97.13 |  60.12 |  60.12 |  60.1 | 60.12 |
|   6.04 | 1605.1 |  1590 |  1.03 |      97.13 |  60.12 |  60.12 |  60.1 | 60.12 |
|   6.26 | 1593.1 |  1580 |  1.33 |      97.13 |  60.12 |  60.12 |  60.1 | 60.12 |
|    5.6 | 1587.6 |  1580 |  1.05 |      97.13 |  60.12 |  60.12 |  60.1 | 60.12 |
|   5.22 | 1584.7 |  1580 |  1.11 |      97.13 |  60.12 |  60.12 |  60.1 | 60.12 |
|   5.82 | 1589.6 |  1600 |  1.13 |      97.13 |  60.12 |  60.12 |  60.1 | 60.12 |
|   6.56 | 1603.7 |  1590 |  1.21 |      97.13 |  60.12 |  60.12 |  60.1 | 60.12 |
|   5.96 | 1589.2 |  1590 |     1 |      97.13 |  60.12 |  60.12 |  60.1 | 60.12 |
|   5.69 | 1572.8 |  1570 |  1.16 |      97.13 |  60.12 |  60.12 |  60.1 | 60.12 |
|   5.91 | 1580.3 |  1570 |  0.86 |      97.12 |  60.12 |  60.12 |  60.1 | 60.12 |
|   6.34 | 1607.8 |  1610 |  1.02 |      97.12 |  60.12 |  60.12 |  60.1 | 60.12 |
|   6.26 | 1582.1 |  1560 |   1.1 |      97.12 |  60.06 |  60.06 |  60.1 | 60.06 |
|   5.49 | 1586.8 |  1570 |  0.97 |      97.12 |  60.06 |  60.06 |  60.1 | 60.06 |
|   5.58 | 1573.1 |  1590 |  1.05 |      97.12 |  60.06 |  60.06 |  60.1 | 60.06 |
|   6.31 | 1589.9 |  1570 |  0.99 |      97.12 |  60.06 |  60.06 |  60.1 | 60.06 |
|   6.48 | 1609.7 |  1600 |  1.14 |      97.12 |  60.06 |  60.06 |  60.1 | 60.06 |
|   6.31 | 1585.9 |  1550 |  1.22 |      97.12 |  60.06 |  60.06 |  60.1 | 60.06 |
|   5.98 | 1559.3 |  1550 |  0.94 |      97.12 |  60.06 |  60.06 |  60.1 | 60.06 |
|   6.15 | 1615.7 |  1600 |  0.91 |      97.12 |  60.06 |  60.06 |  60.1 | 60.06 |
|   6.62 |   1597 |  1600 |  1.21 |      97.12 |  60.06 |  60.06 |  60.1 | 60.06 |
|   6.45 | 1588.7 |  1600 |  0.96 |      97.12 |  60.06 |  60.06 |  60.1 | 60.06 |
|   6.01 | 1583.4 |  1590 |  0.94 |      97.12 |  60.06 |  60.06 | 60.09 | 60.06 |
|    5.9 | 1565.6 |  1550 |  1.08 |      97.12 |  60.06 |  60.06 | 60.09 | 60.06 |
|   6.43 |   1585 |  1550 |  0.97 |      97.12 |  60.12 |  60.12 | 60.09 | 60.12 |
|   6.72 | 1604.9 |  1590 |   1.1 |      97.12 |  60.12 |  60.12 | 60.09 | 60.12 |
|   6.21 | 1582.6 |  1590 |  1.13 |      97.12 |  60.12 |  60.12 | 60.09 | 60.12 |
|   6.15 | 1565.2 |  1550 |  1.27 |      97.11 |  60.12 |  60.12 | 60.08 | 60.12 |
|   6.45 | 1588.6 |  1600 |   1.1 |      97.11 |  60.12 |  60.12 | 60.09 | 60.12 |
|   6.62 | 1604.6 |  1600 |  1.05 |      97.11 |  60.12 |  60.12 |  60.1 | 60.12 |
|   6.26 | 1597.6 |  1580 |  0.97 |      97.11 |  60.12 |  60.12 |  60.1 | 60.12 |
|   5.93 | 1585.6 |  1580 |  1.11 |      97.11 |  60.12 |  60.12 |  60.1 | 60.12 |
|   6.07 | 1595.3 |  1570 |  0.94 |      97.11 |  60.12 |  60.12 |  60.1 | 60.12 |
|   6.34 |   1600 |  1610 |  0.99 |      97.11 |  60.12 |  60.12 |  60.1 | 60.12 |
|   6.42 | 1593.8 |  1560 |  0.86 |      97.11 |  60.12 |  60.12 |  60.1 | 60.12 |
|   6.48 | 1557.4 |  1570 |  1.02 |      97.11 |  60.12 |  60.12 |  60.1 | 60.12 |
|   6.21 | 1590.7 |  1600 |  1.22 |      97.11 |  60.12 |  60.12 |  60.1 | 60.12 |
|   6.26 | 1593.2 |  1560 |  1.25 |      97.11 |  60.06 |  60.06 |  60.1 | 60.06 |
|   6.62 | 1579.2 |  1600 |  0.97 |      97.11 |  60.06 |  60.06 |  60.1 | 60.06 |
|   6.34 | 1589.3 |  1570 |  1.19 |       97.1 |  60.06 |  60.06 |  60.1 | 60.06 |
|   6.51 | 1588.7 |  1560 |  0.94 |       97.1 |  60.06 |  60.06 |  60.1 | 60.06 |
|   6.51 | 1593.1 |  1590 |  1.16 |       97.1 |  60.06 |  60.06 |  60.1 | 60.06 |
|   6.43 | 1602.9 |  1610 |  0.94 |       97.1 |  60.06 |  60.06 |  60.1 | 60.06 |
|   6.51 | 1568.8 |  1560 |  1.17 |       97.1 |  60.06 |  60.06 |  60.1 | 60.06 |
|   6.45 | 1596.9 |  1610 |  1.08 |       97.1 |  60.06 |  60.06 |  60.1 | 60.06 |
|   6.48 | 1606.6 |  1560 |   1.1 |       97.1 |  60.06 |  60.06 |  60.1 | 60.06 |
|   6.32 | 1586.6 |  1610 |  1.16 |       97.1 |  60.06 |  60.06 |  60.1 | 60.06 |
|   6.26 | 1596.5 |  1550 |  1.16 |       97.1 |  60.06 |  60.06 |  60.1 | 60.06 |
|   6.32 | 1591.8 |  1600 |  0.94 |       97.1 |  60.06 |  60.06 |  60.1 | 60.06 |
|   6.18 | 1615.1 |  1580 |   0.8 |       97.1 |  60.06 |  60.06 |  60.1 | 60.06 |
|   6.51 | 1584.6 |  1600 |  0.94 |       97.1 |  60.12 |  60.12 |  60.1 | 60.12 |
|   6.26 | 1585.7 |  1580 |  0.81 |       97.1 |  60.12 |  60.12 |  60.1 | 60.12 |
|   6.43 | 1596.7 |  1600 |  1.08 |       97.1 |  60.12 |  60.12 |  60.1 | 60.12 |
|   6.53 | 1605.4 |  1580 |  1.13 |       97.1 |  60.12 |  60.12 | 60.11 | 60.12 |
|   6.56 | 1590.6 |  1580 |  1.32 |      97.09 |  60.12 |  60.12 | 60.11 | 60.12 |
|    6.4 | 1587.6 |  1560 |  0.96 |      97.09 |  60.12 |  60.12 | 60.11 | 60.12 |
|   6.34 | 1590.5 |  1600 |  1.16 |      97.09 |  60.12 |  60.12 |  60.1 | 60.12 |
|   6.18 | 1610.1 |  1600 |  1.17 |      97.09 |  60.12 |  60.12 | 60.11 | 60.12 |
|   6.67 | 1576.4 |  1560 |   1.1 |      97.09 |  60.12 |  60.12 | 60.11 | 60.12 |
|   6.75 |   1609 |  1610 |  1.11 |      97.09 |  60.12 |  60.12 | 60.11 | 60.12 |
|   6.07 | 1619.5 |  1610 |  1.05 |      97.09 |  60.12 |  60.12 | 60.11 | 60.12 |
|   6.07 | 1586.1 |  1570 |  0.89 |      97.09 |  60.12 |  60.12 | 60.11 | 60.12 |
|   6.29 | 1608.3 |  1610 |  1.19 |      97.09 |  60.12 |  60.12 | 60.12 | 60.12 |
|   6.39 | 1608.6 |  1600 |  1.13 |      97.09 |  60.12 |  60.12 | 60.12 | 60.12 |
|    6.7 | 1608.2 |  1590 |  0.86 |      97.09 |  60.12 |  60.12 | 60.12 | 60.12 |
|   6.34 | 1600.4 |  1600 |   1.1 |      97.09 |  60.12 |  60.12 | 60.12 | 60.12 |
|   6.28 | 1605.6 |  1620 |  1.05 |      97.09 |  60.12 |  60.12 | 60.12 | 60.12 |
|   6.54 | 1626.6 |  1600 |  0.91 |      97.09 |  60.12 |  60.12 | 60.12 | 60.12 |
|   6.29 | 1577.9 |  1550 |     1 |      97.09 |  60.12 |  60.12 | 60.12 | 60.12 |
|   6.15 | 1578.2 |  1590 |  1.16 |      97.09 |  60.12 |  60.12 | 60.12 | 60.12 |
|   6.01 | 1617.6 |  1590 |  1.05 |      97.09 |  60.12 |  60.12 | 60.12 | 60.12 |
|   6.46 | 1573.2 |  1540 |  1.05 |      97.08 |  60.12 |  60.12 | 60.12 | 60.12 |
|   6.84 | 1588.8 |  1600 |  1.16 |      97.08 |  60.12 |  60.12 | 60.12 | 60.12 |
|    6.2 | 1606.6 |  1590 |  0.83 |      97.08 |  60.12 |  60.12 | 60.12 | 60.12 |
|   5.57 | 1582.6 |  1610 |  1.16 |      97.08 |  60.12 |  60.12 | 60.12 | 60.12 |
|   5.71 | 1597.7 |  1600 |  1.03 |      97.08 |  60.06 |  60.06 | 60.12 | 60.06 |
|   6.59 | 1590.1 |  1590 |     1 |      97.08 |  60.06 |  60.06 | 60.12 | 60.06 |
|   6.56 | 1609.7 |  1600 |  1.22 |      97.08 |  60.06 |  60.06 | 60.12 | 60.06 |
|   5.93 | 1573.1 |  1560 |  1.52 |      97.08 |  60.06 |  60.06 | 60.12 | 60.06 |
|   5.93 | 1598.5 |  1590 |     1 |      97.08 |  60.06 |  60.06 | 60.12 | 60.06 |
|   6.37 | 1590.4 |  1560 |  1.13 |      97.08 |  60.06 |  60.06 | 60.12 | 60.06 |
|   6.45 |   1566 |  1570 |  1.02 |      97.08 |  60.06 |  60.06 | 60.12 | 60.06 |
|   5.98 |   1589 |  1590 |  1.11 |      97.08 |  60.06 |  60.06 | 60.12 | 60.06 |
|   5.41 | 1576.1 |  1530 |  1.19 |      97.08 |  60.06 |  60.06 | 60.12 | 60.06 |
|   5.74 | 1539.7 |  1530 |  1.19 |      97.08 |  60.06 |  60.06 | 60.12 | 60.06 |
|   6.23 | 1522.1 |  1550 |  1.04 |      97.07 |  60.06 |  60.06 | 60.12 | 60.06 |
|   5.79 | 1549.5 |  1540 |  1.21 |      97.07 |  60.06 |  60.06 | 60.12 | 60.06 |
|   5.49 | 1537.3 |  1520 |  1.16 |      97.07 |  60.06 |  60.06 | 60.12 | 60.06 |
|   5.14 | 1528.8 |  1540 |  1.03 |      97.07 |  60.12 |  60.12 | 60.12 | 60.12 |
|   5.96 |   1544 |  1530 |  1.08 |      97.07 |  60.12 |  60.12 | 60.12 | 60.12 |
|    6.4 | 1561.3 |  1570 |   1.1 |      97.07 |  60.12 |  60.12 | 60.12 | 60.12 |
|   5.95 |   1524 |  1500 |  1.08 |      97.07 |  60.12 |  60.12 | 60.12 | 60.12 |
|   5.41 | 1517.8 |  1550 |  0.86 |      97.07 |  60.12 |  60.12 | 60.12 | 60.12 |
|   5.88 | 1561.3 |  1560 |  1.33 |      97.07 |  60.12 |  60.12 | 60.12 | 60.12 |
|    5.9 | 1530.3 |  1520 |  1.35 |      97.07 |  60.12 |  60.12 | 60.12 | 60.12 |
|   6.04 | 1524.3 |  1500 |  1.15 |      97.07 |  60.12 |  60.12 | 60.12 | 60.12 |
|   5.52 | 1508.4 |  1530 |  1.08 |      97.07 |  60.12 |  60.12 | 60.12 | 60.12 |
|    5.3 | 1550.4 |  1510 |  0.91 |      97.06 |  60.12 |  60.12 | 60.13 | 60.12 |
|   5.99 | 1505.8 |  1520 |  0.91 |      97.06 |  60.12 |  60.12 | 60.13 | 60.12 |
|   6.29 | 1554.3 |  1550 |  1.24 |      97.06 |  60.12 |  60.12 | 60.13 | 60.12 |
|   5.62 | 1532.7 |  1510 |  0.99 |      97.06 |  60.12 |  60.12 | 60.13 | 60.12 |
|   5.24 | 1526.8 |  1520 |  0.99 |      97.06 |  60.12 |  60.12 | 60.14 | 60.12 |
|    5.3 | 1540.8 |  1550 |  0.99 |      97.06 |  60.18 |  60.18 | 60.14 | 60.18 |
|   5.63 | 1562.2 |  1550 |  1.24 |      97.06 |  60.18 |  60.18 | 60.14 | 60.18 |
|   6.57 | 1502.8 |  1470 |  1.02 |      97.06 |  60.18 |  60.18 | 60.14 | 60.18 |
|   6.02 | 1544.3 |  1540 |  1.24 |      97.06 |  60.18 |  60.18 | 60.14 | 60.18 |
|   5.55 | 1546.2 |  1520 |  1.33 |      97.06 |  60.18 |  60.18 | 60.14 | 60.18 |
|   5.24 | 1515.3 |  1530 |  1.22 |      97.06 |  60.18 |  60.18 | 60.14 | 60.18 |
|   5.69 | 1541.2 |  1550 |  0.99 |      97.06 |  60.18 |  60.18 | 60.14 | 60.18 |
|   5.93 | 1531.4 |  1510 |  0.97 |      97.06 |  60.18 |  60.18 | 60.14 | 60.18 |
|   5.66 | 1538.9 |  1540 |  1.21 |      97.05 |  60.18 |  60.18 | 60.14 | 60.18 |
|   5.35 | 1543.5 |  1540 |  1.08 |      97.05 |  60.18 |  60.18 | 60.14 | 60.18 |
|   5.63 | 1525.9 |  1530 |  1.11 |      97.05 |  60.18 |  60.18 | 60.14 | 60.18 |
|   6.21 | 1536.5 |  1550 |  1.05 |      97.05 |  60.18 |  60.18 | 60.14 | 60.18 |
|   5.55 | 1548.6 |  1510 |  1.16 |      97.05 |  60.12 |  60.12 | 60.14 | 60.12 |
|   5.58 | 1530.8 |  1570 |  1.22 |      97.04 |  60.12 |  60.12 | 60.14 | 60.12 |
|   6.15 |   1531 |  1550 |  1.16 |      97.04 |  60.12 |  60.12 | 60.14 | 60.12 |
|   6.07 | 1592.8 |  1590 |  1.19 |      97.04 |  60.12 |  60.12 | 60.14 | 60.12 |
|   5.63 | 1618.6 |  1590 |  0.94 |      97.04 |  60.12 |  60.12 | 60.14 | 60.12 |
|   5.36 | 1586.3 |  1600 |  0.97 |      97.04 |  60.12 |  60.12 | 60.14 | 60.12 |
|   6.18 | 1605.2 |  1610 |  1.08 |      97.04 |  60.12 |  60.12 | 60.14 | 60.12 |
|   6.54 | 1593.1 |  1580 |  1.11 |      97.04 |  60.12 |  60.12 | 60.14 | 60.12 |
|    6.1 |   1694 |  1620 |  0.83 |      97.04 |  60.12 |  60.12 | 60.14 | 60.12 |
|   5.36 | 1576.8 |  1580 |  1.16 |      97.04 |  60.12 |  60.12 | 60.14 | 60.12 |
|   5.87 | 1597.8 |  1650 |   1.3 |      97.04 |  60.12 |  60.12 | 60.14 | 60.12 |
|   6.51 | 1661.5 |  1600 |  1.11 |      97.04 |  60.12 |  60.12 | 60.14 | 60.12 |
|   6.78 | 1577.4 |  1600 |  1.16 |      97.04 |  60.12 |  60.12 | 60.14 | 60.12 |
|   5.99 | 1630.5 |  1630 |  1.05 |      97.03 |  60.12 |  60.12 | 60.14 | 60.12 |
|   5.57 | 1631.1 |  1690 |  0.82 |      97.03 |  60.12 |  60.12 | 60.14 | 60.12 |
|    6.2 | 1551.7 |  1560 |  1.29 |      97.02 |  60.12 |  60.12 | 60.13 | 60.12 |
|   6.02 | 1540.6 |  1530 |  1.13 |      97.02 |  60.12 |  60.12 | 60.13 | 60.12 |
|   5.68 | 1540.5 |  1530 |  0.97 |      97.02 |  60.12 |  60.12 | 60.13 | 60.12 |
|   5.99 | 1543.5 |  1550 |   1.1 |      97.01 |  60.12 |  60.12 | 60.13 | 60.12 |
|   6.81 | 1517.7 |  1530 |  1.16 |      97.01 |  60.12 |  60.12 | 60.13 | 60.12 |
|   6.26 | 1580.1 |  1570 |  1.14 |      97.01 |  60.12 |  60.12 | 60.13 | 60.12 |
|   5.88 | 1548.1 |  1530 |  1.05 |      97.01 |  60.12 |  60.12 | 60.13 | 60.12 |
|   6.01 | 1528.3 |  1550 |  1.08 |      97.01 |  60.12 |  60.12 | 60.13 | 60.12 |
|   6.42 | 1573.5 |  1580 |  1.21 |      97.01 |  60.12 |  60.12 | 60.13 | 60.12 |
|   6.34 | 1575.3 |  1580 |  0.96 |      97.01 |  60.12 |  60.12 | 60.13 | 60.12 |
|   6.39 | 1544.7 |  1550 |  1.08 |      97.01 |  60.12 |  60.12 | 60.13 | 60.12 |
|   6.21 | 1594.7 |  1580 |  1.19 |         97 |  60.12 |  60.12 | 60.13 | 60.12 |
|   6.53 | 1561.5 |  1510 |  1.13 |         97 |  60.12 |  60.12 | 60.13 | 60.12 |
|   6.56 | 1530.9 |  1520 |  1.21 |         97 |  60.12 |  60.12 | 60.13 | 60.12 |
|    6.2 | 1572.6 |  1590 |  1.27 |         97 |  60.12 |  60.12 | 60.13 | 60.12 |
|    6.4 | 1546.4 |  1520 |     1 |         97 |  60.12 |  60.12 | 60.13 | 60.12 |
|   6.59 | 1541.3 |  1510 |  1.05 |         97 |  60.12 |  60.12 | 60.13 | 60.12 |
|   6.56 | 1552.4 |  1560 |  1.06 |         97 |  60.12 |  60.12 | 60.13 | 60.12 |
|   6.26 | 1554.3 |  1530 |  1.05 |         97 |  60.12 |  60.12 | 60.13 | 60.12 |
|   6.26 | 1535.4 |  1530 |  1.05 |         97 |  60.12 |  60.12 | 60.13 | 60.12 |
|    6.1 | 1567.9 |  1560 |  1.22 |         97 |  60.12 |  60.12 | 60.13 | 60.12 |
|   6.68 | 1561.7 |  1570 |  1.13 |         97 |  60.12 |  60.12 | 60.12 | 60.12 |
|   6.73 | 1516.3 |  1500 |  1.27 |      96.99 |  60.12 |  60.12 | 60.12 | 60.12 |
|   6.48 | 1552.5 |  1580 |  1.13 |      96.99 |  60.12 |  60.12 | 60.12 | 60.12 |
|   6.37 |   1565 |  1550 |  1.05 |      96.99 |  60.12 |  60.12 | 60.12 | 60.12 |
|   6.26 | 1516.2 |  1540 |  1.13 |      96.99 |  60.12 |  60.12 | 60.12 | 60.12 |
|   6.18 | 1552.3 |  1560 |  1.35 |      96.99 |  60.12 |  60.12 | 60.12 | 60.12 |
|   6.23 | 1572.4 |  1520 |  1.16 |      96.99 |  60.12 |  60.12 | 60.12 | 60.12 |
|   6.48 | 1529.5 |  1510 |  1.44 |      96.99 |  60.12 |  60.12 | 60.12 | 60.12 |
|   6.78 | 1544.4 |  1550 |  1.11 |      96.98 |  60.12 |  60.12 | 60.12 | 60.12 |
|   6.53 |   1554 |  1560 |     1 |      96.98 |  60.12 |  60.12 | 60.12 | 60.12 |
|   6.37 | 1551.5 |  1540 |  1.16 |      96.98 |  60.12 |  60.12 | 60.11 | 60.12 |
|   6.34 | 1518.3 |  1540 |  0.94 |      96.98 |  60.12 |  60.12 |  60.1 | 60.12 |
|   6.39 | 1551.2 |  1520 |  1.27 |      96.98 |  60.12 |  60.12 |  60.1 | 60.12 |
|   6.23 | 1546.7 |  1540 |  1.16 |      96.98 |  60.12 |  60.12 |  60.1 | 60.12 |
|   6.26 | 1520.2 |  1520 |     1 |      96.98 |  60.12 |  60.12 |  60.1 | 60.12 |
|    6.4 | 1510.1 |  1490 |     1 |      96.98 |  60.12 |  60.12 |  60.1 | 60.12 |
|   6.79 | 1487.8 |  1520 |  1.11 |      96.98 |  60.12 |  60.12 |  60.1 | 60.12 |
|   6.62 | 1544.7 |  1550 |  1.29 |      96.98 |  60.12 |  60.12 |  60.1 | 60.12 |
|   6.09 | 1538.8 |  1520 |     1 |      96.98 |  60.12 |  60.12 |  60.1 | 60.12 |
|   6.32 | 1540.3 |  1530 |  1.22 |      96.98 |  60.12 |  60.12 |  60.1 | 60.12 |
|   6.56 | 1536.2 |  1550 |  1.03 |      96.97 |  60.12 |  60.12 |  60.1 | 60.12 |
|   6.26 | 1580.9 |  1600 |  1.21 |      96.97 |  60.12 |  60.12 |  60.1 | 60.12 |
|   6.47 | 1552.4 |  1520 |  1.38 |      96.97 |  60.12 |  60.12 |  60.1 | 60.12 |
|   6.32 | 1505.9 |  1500 |   1.1 |      96.97 |  60.12 |  60.12 |  60.1 | 60.12 |
|   6.61 |   1503 |  1480 |  1.11 |      96.97 |  60.12 |  60.12 |  60.1 | 60.12 |
|   6.56 | 1527.4 |  1540 |  0.92 |      96.97 |  60.12 |  60.12 |  60.1 | 60.12 |
|   6.15 | 1547.5 |  1530 |  1.25 |      96.97 |  60.12 |  60.12 |  60.1 | 60.12 |
|    6.4 | 1529.5 |  1520 |     1 |      96.97 |  60.12 |  60.12 | 60.09 | 60.12 |
|   6.48 | 1557.1 |  1520 |  0.97 |      96.97 |  60.06 |  60.06 | 60.08 | 60.06 |
|   6.23 | 1542.9 |  1530 |  1.13 |      96.97 |  60.06 |  60.06 | 60.08 | 60.06 |
|   6.17 | 1544.5 |  1510 |   1.3 |      96.97 |  60.06 |  60.06 | 60.08 | 60.06 |
|   6.46 | 1502.2 |  1490 |     1 |      96.96 |  60.06 |  60.06 | 60.08 | 60.06 |
|   6.78 | 1547.2 |  1540 |  1.25 |      96.96 |  60.06 |  60.06 | 60.08 | 60.06 |
|   6.76 | 1609.5 |  1610 |  1.14 |      96.96 |  60.06 |  60.06 | 60.08 | 60.06 |
|    6.4 |   1660 |  1650 |  1.22 |      96.96 |  60.06 |  60.06 | 60.08 | 60.06 |
|   6.29 | 1610.1 |  1580 |  1.11 |      96.96 |  60.06 |  60.06 | 60.08 | 60.06 |
|   6.64 | 1607.5 |  1580 |  1.11 |      96.96 |  60.06 |  60.06 | 60.08 | 60.06 |
|   6.64 | 1592.2 |  1600 |  1.02 |      96.96 |  60.06 |  60.06 | 60.08 | 60.06 |
|   5.79 | 1509.8 |  1510 |  1.16 |      96.96 |  60.06 |  60.06 | 60.08 | 60.06 |
|   6.09 | 1516.4 |  1530 |  1.17 |      96.96 |  60.06 |  60.06 | 60.08 | 60.06 |
|   6.56 | 1550.9 |  1570 |  1.19 |      96.96 |  60.12 |  60.12 | 60.08 | 60.12 |
|   6.31 | 1554.5 |  1540 |  1.11 |      96.96 |  60.12 |  60.12 | 60.08 | 60.12 |
|   5.88 | 1528.5 |  1520 |  1.16 |      96.95 |  60.12 |  60.12 | 60.07 | 60.12 |
|   6.21 | 1543.6 |  1520 |   1.3 |      96.95 |  60.12 |  60.12 | 60.06 | 60.12 |
|   6.75 | 1554.8 |  1580 |  1.14 |      96.95 |  60.12 |  60.12 | 60.06 | 60.12 |
|    6.2 | 1559.5 |  1560 |  1.19 |      96.95 |  60.12 |  60.12 | 60.06 | 60.12 |
|   5.74 | 1531.2 |  1510 |  1.05 |      96.95 |  60.12 |  60.12 | 60.06 | 60.12 |
|   6.18 | 1514.9 |  1530 |  1.16 |      96.95 |  60.12 |  60.12 | 60.06 | 60.12 |
|   6.39 | 1528.6 |  1540 |  1.11 |      96.95 |  60.12 |  60.12 | 60.06 | 60.12 |
|   6.39 |   1579 |  1570 |  0.88 |      96.95 |  60.12 |  60.12 | 60.06 | 60.12 |
|   5.99 | 1640.2 |  1620 |  0.91 |      96.95 |  60.12 |  60.12 | 60.05 | 60.12 |
|   5.96 | 1581.8 |  1540 |  1.27 |      96.95 |  60.12 |  60.12 | 60.05 | 60.12 |
|   6.31 | 1532.7 |  1550 |     1 |      96.95 |  60.06 |  60.06 | 60.05 | 60.06 |
|   6.54 | 1515.2 |  1520 |  1.16 |      96.95 |  60.06 |  60.06 | 60.05 | 60.06 |
|   6.01 | 1539.2 |  1560 |  1.07 |      96.94 |  60.06 |  60.06 | 60.05 | 60.06 |
|   5.96 | 1607.2 |  1580 |  1.11 |      96.94 |  60.06 |  60.06 | 60.05 | 60.06 |
|   6.26 | 1613.6 |  1620 |  1.19 |      96.94 |  60.06 |  60.06 | 60.05 | 60.06 |
|   6.64 | 1634.2 |  1620 |  0.99 |      96.94 |  60.06 |  60.06 | 60.05 | 60.06 |
|   6.34 | 1617.4 |  1620 |  0.91 |      96.94 |  60.06 |  60.06 | 60.04 | 60.06 |
|   5.96 | 1623.5 |  1610 |  1.05 |      96.94 |  60.06 |  60.06 | 60.03 | 60.06 |
|   5.98 | 1634.3 |  1620 |  1.08 |      96.94 |  60.06 |  60.06 | 60.03 | 60.06 |
|   6.48 | 1644.6 |  1650 |  0.84 |      96.94 |  60.06 |  60.06 | 60.03 | 60.06 |
|    6.9 | 1644.3 |  1660 |  0.89 |      96.94 |  60.06 |  60.06 | 60.03 | 60.06 |
|   6.04 | 1626.6 |  1640 |  0.99 |      96.94 |  60.06 |  60.06 | 60.03 | 60.06 |
|   5.71 | 1611.8 |  1620 |  1.02 |      96.93 |     60 |     60 | 60.02 |    60 |
|   6.45 | 1635.4 |  1650 |  1.02 |      96.93 |     60 |     60 | 60.01 |    60 |
|   6.81 | 1634.4 |  1630 |  1.19 |      96.93 |     60 |     60 | 60.01 |    60 |
|    6.1 | 1646.2 |  1640 |  0.91 |      96.93 |     60 |     60 | 60.01 |    60 |
|   5.77 | 1613.4 |  1600 |  0.91 |      96.93 |     60 |     60 | 60.01 |    60 |
|   6.48 | 1603.4 |  1620 |  1.14 |      96.93 |     60 |     60 | 60.01 |    60 |
|    6.7 | 1597.5 |  1620 |  1.02 |      96.93 |     60 |     60 | 60.01 |    60 |
|   6.29 |   1661 |  1640 |   0.8 |      96.93 |     60 |     60 | 60.01 |    60 |
|   5.88 | 1669.5 |  1680 |  1.08 |      96.93 |     60 |     60 |    60 |    60 |
|   6.15 | 1664.6 |  1640 |  0.96 |      96.93 |     60 |     60 | 59.99 |    60 |
|    6.7 | 1562.2 |  1560 |  0.86 |      96.93 |     60 |     60 | 59.99 |    60 |
|   6.18 |   1558 |  1540 |  0.99 |      96.92 |     60 |     60 | 59.99 |    60 |
|   5.76 | 1546.7 |  1550 |  1.08 |      96.92 |     60 |     60 | 59.99 |    60 |
|   5.82 | 1563.5 |  1560 |  1.02 |      96.92 |     60 |     60 | 59.99 |    60 |
|   6.46 | 1558.5 |  1510 |   0.7 |      96.92 |     60 |     60 | 59.99 |    60 |
|   6.32 | 1555.2 |  1570 |  1.03 |      96.92 |     60 |     60 | 59.99 |    60 |
|   6.04 |   1569 |  1560 |  1.22 |      96.92 |     60 |     60 | 59.99 |    60 |
|   5.76 |   1560 |  1530 |  1.21 |      96.92 |     60 |     60 | 59.99 |    60 |
|   6.07 | 1588.2 |  1570 |  1.02 |      96.92 |     60 |     60 | 59.99 |    60 |
|   6.34 |   1577 |  1570 |  0.81 |      96.92 |     60 |     60 | 59.99 |    60 |
|   6.34 | 1580.9 |  1560 |   1.1 |      96.92 |     60 |     60 | 59.99 |    60 |
|   5.87 | 1594.2 |  1580 |  1.13 |      96.92 |     60 |     60 | 59.99 |    60 |
|    5.6 | 1595.2 |  1580 |  1.02 |      96.92 |     60 |     60 | 59.99 |    60 |
|   6.18 | 1581.5 |  1570 |   1.3 |      96.92 |     60 |     60 | 59.99 |    60 |
|   6.42 | 1583.2 |  1590 |  1.19 |      96.92 |     60 |     60 | 59.99 |    60 |
|   6.26 | 1597.3 |  1580 |  0.99 |      96.92 |     60 |     60 | 59.99 |    60 |
|   5.55 | 1607.1 |  1590 |  0.91 |      96.92 |     60 |     60 | 59.99 |    60 |
|   6.21 |   1599 |  1610 |  0.97 |      96.92 |     60 |     60 | 59.99 |    60 |
|    6.4 | 1600.1 |  1590 |  1.21 |      96.92 |     60 |     60 | 59.99 |    60 |
|   6.31 |   1630 |  1610 |  0.96 |      96.92 |     60 |     60 | 59.99 |    60 |
|   5.71 | 1614.6 |  1650 |  1.07 |      96.92 |     60 |     60 | 59.99 |    60 |
|    5.6 | 1631.3 |  1590 |  1.05 |      96.92 |     60 |     60 | 59.99 |    60 |
|   6.48 | 1641.5 |  1650 |  1.08 |      96.91 |     60 |     60 | 59.99 |    60 |
|   6.64 | 1646.6 |  1640 |  0.92 |      96.91 |     60 |     60 | 59.99 |    60 |
|   5.88 | 1652.5 |  1610 |  0.92 |      96.91 |     60 |     60 | 59.99 |    60 |
|   5.63 | 1593.7 |  1560 |   1.1 |      96.91 |     60 |     60 | 59.99 |    60 |
|    6.4 |   1592 |  1590 |  1.19 |      96.91 |     60 |     60 | 59.99 |    60 |
|   6.51 | 1610.9 |  1620 |  0.97 |      96.91 |     60 |     60 | 59.99 |    60 |
|    6.1 | 1614.1 |  1590 |  1.14 |      96.91 |  59.94 |  59.94 | 59.99 | 59.94 |
|   5.69 | 1623.6 |  1610 |  1.19 |      96.91 |  59.94 |  59.94 | 59.99 | 59.94 |
|   5.82 | 1570.4 |  1570 |  0.91 |      96.91 |  59.94 |  59.94 | 59.99 | 59.94 |
|   6.65 | 1588.5 |  1570 |  1.19 |      96.91 |  59.94 |  59.94 | 59.99 | 59.94 |
|   6.35 | 1632.5 |  1640 |  0.88 |      96.91 |  59.94 |  59.94 | 59.99 | 59.94 |
|    5.8 | 1632.1 |  1620 |   1.3 |      96.91 |  59.94 |  59.94 | 59.99 | 59.94 |
|   5.71 | 1604.5 |  1620 |  1.19 |      96.91 |  59.94 |  59.94 | 59.99 | 59.94 |
|   6.15 | 1614.3 |  1590 |  1.32 |      96.91 |  59.94 |  59.94 | 59.99 | 59.94 |
|   6.42 |   1566 |  1570 |   1.1 |      96.91 |  59.94 |  59.94 | 59.99 | 59.94 |
|   5.63 | 1577.6 |  1550 |  1.18 |      96.91 |  59.94 |  59.94 | 59.99 | 59.94 |
|    5.6 | 1608.2 |  1610 |  1.05 |       96.9 |  59.94 |  59.94 | 59.99 | 59.94 |
|   5.71 | 1657.7 |  1660 |  0.99 |       96.9 |  59.94 |  59.94 | 59.99 | 59.94 |
|   6.72 | 1602.5 |  1550 |  1.14 |       96.9 |  59.94 |  59.94 | 59.99 | 59.94 |
|   5.88 | 1553.4 |  1580 |  1.18 |       96.9 |     60 |     60 | 59.99 |    60 |
|   5.52 | 1618.7 |  1600 |  1.02 |       96.9 |     60 |     60 | 59.99 |    60 |
|   5.88 | 1597.5 |  1600 |  0.91 |      96.89 |     60 |     60 | 59.99 |    60 |
|   6.31 |   1622 |  1610 |  1.19 |      96.89 |     60 |     60 | 59.99 |    60 |
|   6.84 | 1686.8 |  1740 |  1.02 |      96.89 |     60 |     60 | 59.99 |    60 |
|   6.12 | 1759.8 |  1720 |  0.77 |      96.89 |     60 |     60 | 59.99 |    60 |
|   5.96 | 1742.7 |  1770 |  1.21 |      96.89 |     60 |     60 | 59.99 |    60 |
|   5.98 | 1739.8 |  1660 |  0.99 |      96.89 |     60 |     60 | 59.99 |    60 |
|   6.56 |   1590 |  1530 |   1.1 |      96.89 |     60 |     60 | 59.99 |    60 |
|   5.82 | 1528.3 |  1500 |     1 |      96.89 |     60 |     60 | 59.99 |    60 |
|   5.69 | 1533.6 |  1580 |  1.24 |      96.89 |     60 |     60 | 59.99 |    60 |
|   5.61 | 1554.1 |  1530 |  1.22 |      96.89 |     60 |     60 | 59.99 |    60 |
|   6.34 | 1549.6 |  1550 |  1.14 |      96.89 |     60 |     60 | 59.99 |    60 |
|    6.1 | 1561.8 |  1570 |  0.93 |      96.89 |     60 |     60 | 59.99 |    60 |
|   6.01 | 1554.3 |  1530 |  1.38 |      96.88 |     60 |     60 | 59.99 |    60 |
|   5.57 | 1559.5 |  1550 |  0.91 |      96.88 |     60 |     60 | 59.99 |    60 |
|   6.21 | 1670.5 |  1680 |  0.82 |      96.88 |     60 |     60 | 59.99 |    60 |
|   6.73 | 1664.6 |  1660 |  0.96 |      96.88 |     60 |     60 | 59.99 |    60 |
|   6.48 | 1651.5 |  1650 |  1.21 |      96.88 |     60 |     60 | 59.99 |    60 |
|   5.44 | 1670.1 |  1680 |  1.07 |      96.88 |     60 |     60 | 59.99 |    60 |
|   5.66 | 1678.4 |  1640 |  0.99 |      96.88 |     60 |     60 | 59.99 |    60 |
|   6.15 | 1622.2 |  1600 |     1 |      96.88 |     60 |     60 | 59.99 |    60 |
|   6.43 | 1630.5 |  1650 |  1.25 |      96.88 |     60 |     60 | 59.99 |    60 |
|   6.12 | 1636.2 |  1630 |  1.18 |      96.88 |     60 |     60 | 59.99 |    60 |
|   5.63 |   1621 |  1630 |  1.16 |      96.88 |     60 |     60 | 59.99 |    60 |
|   6.21 | 1700.7 |  1710 |   1.1 |      96.88 |     60 |     60 | 59.99 |    60 |
|   6.84 | 1716.1 |  1700 |  0.94 |      96.88 |     60 |     60 | 59.99 |    60 |
|   6.72 | 1719.7 |  1710 |  1.24 |      96.88 |     60 |     60 | 59.99 |    60 |
|   6.13 | 1706.6 |  1710 |  0.97 |      96.88 |     60 |     60 | 59.99 |    60 |
|   5.96 | 1715.7 |  1700 |  0.89 |      96.88 |     60 |     60 | 59.99 |    60 |
|   6.59 | 1687.1 |  1670 |   1.1 |      96.88 |     60 |     60 | 59.99 |    60 |
|   6.94 | 1707.6 |  1700 |  0.96 |      96.88 |     60 |     60 | 59.99 |    60 |
|   6.26 | 1690.7 |  1700 |  0.91 |      96.88 |     60 |     60 | 59.99 |    60 |
|   5.79 | 1706.8 |  1710 |  1.05 |      96.87 |     60 |     60 | 59.99 |    60 |
|   6.56 | 1668.8 |  1610 |  1.17 |      96.87 |     60 |     60 | 59.99 |    60 |
|   6.45 |   1582 |  1570 |  0.97 |      96.87 |     60 |     60 | 59.99 |    60 |
|   5.93 | 1581.3 |  1560 |  1.27 |      96.87 |     60 |     60 | 59.99 |    60 |
|   5.85 | 1582.9 |  1580 |  1.25 |      96.87 |  59.94 |  59.94 | 59.99 | 59.94 |
|   6.26 | 1590.6 |  1610 |  1.22 |      96.87 |  59.94 |  59.94 | 59.99 | 59.94 |
|   6.48 | 1606.9 |  1600 |  0.99 |      96.87 |  59.94 |  59.94 | 59.99 | 59.94 |
|   5.88 | 1518.5 |  1520 |  1.19 |      96.86 |     60 |     60 | 59.99 |    60 |
|   5.24 | 1535.6 |  1510 |  1.21 |      96.86 |     60 |     60 | 59.99 |    60 |
|   5.82 | 1519.9 |  1520 |  1.16 |      96.86 |     60 |     60 | 59.99 |    60 |
|   6.34 | 1543.1 |  1550 |  1.06 |      96.86 |     60 |     60 | 59.99 |    60 |
|   6.83 | 1691.5 |  1660 |  0.97 |      96.86 |     60 |     60 | 59.99 |    60 |
|    6.4 | 1717.2 |  1680 |  1.08 |      96.86 |     60 |     60 | 59.99 |    60 |
|   5.77 | 1701.2 |  1680 |  1.11 |      96.86 |     60 |     60 | 59.99 |    60 |
|    6.7 | 1690.8 |  1670 |  0.91 |      96.86 |     60 |     60 | 59.99 |    60 |
|   6.54 | 1705.6 |  1690 |  0.94 |      96.85 |     60 |     60 | 59.99 |    60 |
|   5.88 | 1686.1 |  1670 |  0.99 |      96.85 |     60 |     60 | 59.99 |    60 |
|   6.01 | 1697.1 |  1690 |  1.02 |      96.85 |     60 |     60 | 59.99 |    60 |
|   6.61 |   1695 |  1710 |  0.83 |      96.85 |     60 |     60 | 59.99 |    60 |
|   6.62 | 1702.7 |  1690 |  0.86 |      96.85 |     60 |     60 | 59.99 |    60 |
|    6.1 | 1709.2 |  1690 |  0.92 |      96.85 |     60 |     60 | 59.99 |    60 |
|   5.79 |   1685 |  1680 |  1.03 |      96.85 |     60 |     60 | 59.99 |    60 |
|   6.31 | 1662.1 |  1630 |  1.13 |      96.85 |     60 |     60 | 59.99 |    60 |
|   6.81 | 1675.7 |  1700 |  0.89 |      96.85 |     60 |     60 | 59.99 |    60 |
|   6.64 | 1661.6 |  1650 |     1 |      96.85 |     60 |     60 | 59.99 |    60 |
|   5.72 | 1680.8 |  1670 |     1 |      96.85 |     60 |     60 | 59.99 |    60 |
|   5.98 | 1696.3 |  1680 |  1.05 |      96.85 |     60 |     60 | 59.99 |    60 |
|    6.5 | 1654.5 |  1670 |  0.91 |      96.84 |     60 |     60 | 59.99 |    60 |
|   6.42 | 1692.9 |  1680 |  1.05 |      96.84 |  59.94 |  59.94 | 59.99 | 59.94 |
|   6.09 | 1650.4 |  1640 |  1.08 |      96.84 |  59.94 |  59.94 | 59.99 | 59.94 |
|   5.74 |   1667 |  1670 |   0.8 |      96.84 |  59.94 |  59.94 | 59.99 | 59.94 |
|   6.42 | 1646.1 |  1640 |  1.02 |      96.84 |  59.94 |  59.94 | 59.99 | 59.94 |
|   6.81 | 1657.4 |  1670 |  1.02 |      96.84 |  59.94 |  59.94 | 59.99 | 59.94 |
|   6.31 | 1648.5 |  1630 |  0.97 |      96.84 |  59.94 |  59.94 | 59.99 | 59.94 |
|   6.04 | 1644.7 |  1650 |  1.03 |      96.83 |  59.94 |  59.94 | 59.99 | 59.94 |
|   6.18 | 1656.8 |  1630 |  0.97 |      96.83 |  59.94 |  59.94 | 59.99 | 59.94 |
|   6.81 | 1657.6 |  1670 |  1.02 |      96.83 |  59.94 |  59.94 | 59.99 | 59.94 |
|   6.42 | 1663.8 |  1640 |  1.16 |      96.83 |  59.94 |  59.94 | 59.99 | 59.94 |
|   5.69 | 1575.1 |  1570 |  1.05 |      96.83 |  59.94 |  59.94 | 59.99 | 59.94 |
|   5.93 |   1607 |  1620 |  1.02 |      96.83 |  59.94 |  59.94 | 59.99 | 59.94 |
|   6.61 | 1591.7 |  1590 |  1.16 |      96.83 |  59.94 |  59.94 | 59.99 | 59.94 |
|   6.35 | 1624.4 |  1620 |  0.94 |      96.83 |     60 |     60 | 59.99 |    60 |
|   5.93 | 1625.3 |  1640 |  0.97 |      96.83 |     60 |     60 | 59.99 |    60 |
|    5.9 | 1650.4 |  1630 |  0.99 |      96.83 |     60 |     60 | 59.99 |    60 |
|   6.42 |   1629 |  1580 |   1.1 |      96.83 |     60 |     60 | 59.99 |    60 |
|   6.48 | 1582.4 |  1550 |  1.13 |      96.83 |     60 |     60 | 59.99 |    60 |
|   6.09 | 1576.1 |  1580 |  1.13 |      96.82 |     60 |     60 | 59.99 |    60 |
|   5.76 | 1579.3 |  1560 |  1.22 |      96.82 |     60 |     60 | 59.99 |    60 |
|   6.29 | 1555.6 |  1580 |  1.22 |      96.82 |     60 |     60 | 59.99 |    60 |
|   6.64 | 1572.1 |  1540 |  0.83 |      96.82 |     60 |     60 | 59.99 |    60 |
|   6.23 | 1545.3 |  1580 |  1.16 |      96.82 |     60 |     60 | 59.99 |    60 |
|   5.88 | 1582.4 |  1590 |  1.35 |      96.82 |     60 |     60 | 59.99 |    60 |
|   5.96 | 1575.2 |  1580 |  1.02 |      96.82 |     60 |     60 | 59.99 |    60 |
|   6.59 | 1602.6 |  1600 |  1.02 |      96.82 |     60 |     60 | 59.99 |    60 |
|   6.64 | 1605.8 |  1590 |  1.06 |      96.82 |     60 |     60 | 59.99 |    60 |
|   6.15 | 1630.6 |  1650 |  1.02 |      96.82 |     60 |     60 | 59.99 |    60 |
|   6.13 | 1566.9 |  1550 |  0.94 |      96.82 |     60 |     60 | 59.99 |    60 |
|    6.9 |   1640 |  1650 |  0.99 |      96.79 |  59.94 |  59.94 | 59.99 | 59.94 |
|   6.81 | 1663.3 |  1650 |  1.16 |      96.79 |  59.94 |  59.94 | 59.99 | 59.94 |
|   6.35 | 1651.7 |  1630 |  0.99 |      96.79 |  59.94 |  59.94 | 59.99 | 59.94 |
|   6.21 | 1626.6 |  1620 |   1.1 |      96.79 |  59.94 |  59.94 | 59.99 | 59.94 |
|    6.7 | 1612.2 |  1600 |   0.8 |      96.79 |  59.94 |  59.94 | 59.99 | 59.94 |
|   6.92 | 1623.4 |  1590 |   1.3 |      96.79 |  59.94 |  59.94 | 59.99 | 59.94 |
|   6.42 | 1598.7 |  1590 |  1.07 |      96.79 |  59.94 |  59.94 | 59.99 | 59.94 |
|   6.34 | 1621.6 |  1630 |  0.99 |      96.79 |  59.94 |  59.94 | 59.99 | 59.94 |
|   6.26 | 1601.3 |  1590 |  1.25 |      96.79 |  59.94 |  59.94 | 59.99 | 59.94 |
|   6.72 | 1611.5 |  1630 |  1.13 |      96.78 |  59.94 |  59.94 | 59.99 | 59.94 |
|   6.97 | 1595.7 |  1580 |  1.11 |      96.78 |  59.94 |  59.94 | 59.99 | 59.94 |
|    6.4 | 1603.5 |  1580 |  0.97 |      96.78 |     60 |     60 | 59.99 |    60 |
|   6.09 | 1592.1 |  1590 |     1 |      96.78 |     60 |     60 | 59.99 |    60 |
|   6.56 | 1577.8 |  1560 |  0.88 |      96.78 |     60 |     60 | 59.99 |    60 |
|   6.87 |   1595 |  1560 |  1.04 |      96.78 |     60 |     60 | 59.99 |    60 |
| 1546.3 | 1636.3 |   120 |  0.86 |      96.77 |     60 |     60 | 59.99 |    60 |
| 3025.3 | 1663.8 | -1390 |  0.83 |      96.77 |     60 |     60 |    60 |    60 |
| 3413.5 | 1637.5 | -1770 |  0.77 |      96.77 |     60 |     60 | 60.01 |    60 |
| 3499.1 | 1627.7 | -1900 |  0.72 |      96.77 |     60 |     60 | 60.02 |    60 |
| 3499.2 | 1658.5 | -1820 |  0.61 |      96.77 |     60 |     60 | 60.02 |    60 |
| 3499.1 | 1665.1 | -1850 |  0.55 |      96.77 |     60 |     60 | 60.02 |    60 |
|   3500 | 1616.6 | -1870 |  0.58 |      96.77 |     60 |     60 | 60.02 |    60 |
| 3510.1 | 1621.5 | -1900 |  0.72 |      96.77 |     60 |     60 | 60.02 |    60 |
| 3503.2 | 1593.6 | -1900 |  0.63 |      96.77 |     60 |     60 | 60.02 |    60 |
| 3512.1 | 1610.9 | -1890 |   0.5 |      96.77 |     60 |     60 | 60.02 |    60 |
|   3507 | 1599.4 | -1910 |  0.59 |      96.77 |     60 |     60 | 60.03 |    60 |
|   3493 | 1588.4 | -1890 |  0.77 |      96.77 |     60 |     60 | 60.03 |    60 |
| 3508.9 |   1609 | -1920 |  0.77 |      96.76 |     60 |     60 | 60.03 |    60 |
| 3508.1 |   1585 | -1910 |   0.8 |      96.76 |     60 |     60 | 60.03 |    60 |
| 3501.8 |   1602 | -1930 |  0.67 |      96.76 |     60 |     60 | 60.03 |    60 |
| 3506.4 | 1612.4 | -1870 |  0.78 |      96.76 |     60 |     60 | 60.03 |    60 |
| 3508.9 | 1587.2 | -1920 |  0.64 |      96.76 |     60 |     60 | 60.03 |    60 |
| 3509.7 | 1614.4 | -1880 |  0.75 |      96.76 |     60 |     60 | 60.03 |    60 |
| 3507.3 | 1656.8 | -1850 |  0.55 |      96.76 |     60 |     60 | 60.03 |    60 |
| 3508.4 | 1642.1 | -1860 |  0.61 |      96.76 |     60 |     60 | 60.03 |    60 |
| 3516.8 | 1674.1 | -1840 |  0.75 |      96.76 |     60 |     60 | 60.03 |    60 |
| 3534.7 | 1665.2 | -1840 |  0.64 |      96.76 |  60.06 |  60.06 | 60.03 | 60.06 |
| 3529.6 | 1614.5 | -1920 |  0.58 |      96.76 |  60.06 |  60.06 | 60.03 | 60.06 |
| 3510.2 | 1621.5 | -1880 |  0.59 |      96.76 |  60.06 |  60.06 | 60.03 | 60.06 |
| 3525.3 | 1620.4 | -1920 |  0.67 |      96.76 |  60.06 |  60.06 | 60.03 | 60.06 |
| 3525.2 | 1630.4 | -1890 |  0.44 |      96.76 |  60.06 |  60.06 | 60.03 | 60.06 |
| 3517.9 | 1606.8 | -1910 |  0.67 |      96.76 |  60.06 |  60.06 | 60.03 | 60.06 |
| 3522.5 | 1627.9 | -1870 |  0.58 |      96.76 |  60.06 |  60.06 | 60.03 | 60.06 |
| 3522.3 | 1640.9 | -1900 |  0.69 |      96.76 |  60.06 |  60.06 | 60.03 | 60.06 |
| 3519.4 |   1621 | -1910 |  0.72 |      96.76 |  60.06 |  60.06 | 60.03 | 60.06 |
| 3532.6 | 1609.6 | -1920 |  0.67 |      96.76 |  60.06 |  60.06 | 60.03 | 60.06 |
| 3528.5 | 1610.4 | -1910 |  0.56 |      96.76 |  60.06 |  60.06 | 60.03 | 60.06 |
|--------+--------+-------+-------+------------+--------+--------+-------+-------|





# Local Variables:
# eval: (local-set-key "\M-\C\g" 'org-plot/gnuplot)
# End:
